

Simulated performance ...


VoltageGain:   3.12859e+00   


Bandwidth:     2.05819e+08   


PowerConsumption: 2.02381e-04   
