

Simulated performance ...


PowerConsumption: 4.43394e-02   


Bandwidth:     5.50652e+09   


OutputPower:   -1.29693e+00  


VoltageSwing:  5.01793e-01   


TuningRange_VCO: 2.18517e+09   


PhaseNoise_VCO: -8.98308e+01  


LargeSignal_PowerGain_PA: 8.54675e+00   


DrainEfficiency_PA: 3.16283e+00   


PAE_PA:        2.72086e+00   
