

Simulated performance ...


OscillationFrequency: 3.37781e+09   


OutputPower:   1.79119e+01   


PhaseNoise:    -9.40820e+01  


TuningRange:   2.85540e+08   


PowerConsumption: 6.31127e-03   
