

Simulated performance ...


S11:        -1.69282e+01  


GT:         1.60882e+01   


NF:         1.74412e+00   


Bandwidth:     4.24570e+09   


PowerConsumption: 1.68157e-02   
