

Simulated performance ...


VoltageGain:   1.78060e+01   


Bandwidth:     1.95742e+08   


PowerConsumption: 5.75494e-02   
